0 0 3
0 1 2
0 2 2
0 3 2
0 4 2
0 5 2
0 6 2
0 7 1
1 0 1
1 1 1
1 2 3
1 3 2
1 4 2
1 5 2
1 6 2
1 7 2
2 0 2
2 1 2
2 2 2
2 3 2
2 4 3
2 5 3
2 6 2
2 7 2
3 0 2
3 1 2
3 2 2
3 3 2
3 4 2
3 5 2
3 6 3
3 7 3
4 0 3
4 1 2
4 2 2
4 3 2
4 4 2
4 5 2
4 6 2
4 7 2
5 0 3
5 1 3
5 2 3
5 3 2
5 4 2
5 5 2
5 6 2
5 7 2
6 0 2
6 1 2
6 2 3
6 3 3
6 4 3
6 5 3
6 6 2
6 7 2
7 0 2
7 1 2
7 2 2
7 3 2
7 4 3
7 5 3
7 6 3
7 7 3
8 0 2
8 1 2
8 2 2
8 3 2
8 4 2
8 5 2
8 6 3
8 7 3
9 0 3
9 1 3
9 2 3
9 3 2
9 4 2
9 5 2
9 6 2
9 7 2
10 0 3
10 1 3
10 2 3
10 3 3
10 4 3
10 5 2
10 6 2
10 7 2
11 0 2
11 1 2
11 2 3
11 3 3
11 4 3
11 5 3
11 6 3
11 7 2
12 0 2
12 1 2
12 2 2
12 3 2
12 4 2
12 5 1
12 6 1
12 7 1
13 0 1
13 1 1
13 2 1
13 3 1
13 4 1
13 5 1
13 6 1
13 7 1
14 0 1
14 1 1
14 2 1
14 3 1
14 4 1
14 5 1
14 6 1
14 7 1
15 0 1
15 1 1
15 2 1
15 3 1
15 4 1
15 5 1
15 6 1
15 7 1
16 0 1
16 1 1
16 2 1
16 3 1
16 4 1
16 5 1
16 6 1
16 7 1
17 0 1
17 1 1
17 2 1
17 3 1
17 4 1
17 5 1
17 6 1
17 7 1
18 0 1
18 1 1
18 2 1
18 3 1
18 4 1
18 5 1
18 6 1
18 7 1
19 0 1
19 1 1
19 2 1
19 3 1
19 4 1
19 5 1
19 6 1
19 7 1
20 0 1
20 1 1
20 2 1
20 3 1
20 4 1
20 5 1
20 6 1
20 7 1
21 0 1
21 1 1
21 2 1
21 3 1
21 4 1
21 5 1
21 6 1
21 7 1
22 0 1
22 1 1
22 2 1
22 3 1
22 4 1
22 5 1
22 6 1
22 7 1
23 0 1
23 1 1
23 2 1
23 3 1
23 4 1
23 5 1
23 6 1
23 7 1
24 0 1
24 1 1
24 2 1
24 3 1
24 4 1
24 5 1
24 6 1
24 7 1
25 0 2
25 1 1
25 2 1
25 3 1
25 4 1
25 5 1
25 6 1
25 7 1
26 0 1
26 1 1
26 2 1
26 3 1
26 4 1
26 5 1
26 6 1
26 7 1
27 0 1
27 1 1
27 2 1
27 3 1
27 4 1
27 5 1
27 6 1
27 7 1
28 0 1
28 1 1
28 2 1
28 3 1
28 4 1
28 5 1
28 6 1
28 7 1
29 0 1
29 1 1
29 2 1
29 3 1
29 4 1
29 5 1
29 6 1
29 7 1
30 0 1
30 1 1
30 2 1
30 3 1
30 4 1
30 5 1
30 6 1
30 7 1
31 0 1
31 1 1
31 2 1
31 3 1
31 4 1
31 5 1
31 6 1
31 7 1
32 0 1
32 1 1
32 2 1
32 3 1
32 4 1
32 5 1
32 6 1
32 7 1
33 0 1
33 1 1
33 2 1
33 3 1
33 4 1
33 5 1
33 6 1
33 7 1
34 0 1
34 1 1
34 2 1
34 3 1
34 4 1
34 5 1
34 6 1
34 7 1
35 0 1
35 1 1
35 2 1
35 3 1
35 4 1
35 5 1
35 6 1
35 7 1
36 0 1
36 1 1
36 2 1
36 3 1
36 4 1
36 5 1
36 6 1
36 7 1
37 0 1
37 1 1
37 2 1
37 3 1
37 4 2
37 5 1
37 6 1
37 7 1
38 0 1
38 1 1
38 2 1
38 3 1
38 4 1
38 5 1
38 6 1
38 7 1
39 0 1
39 1 1
39 2 1
39 3 1
39 4 1
39 5 1
39 6 1
39 7 1
40 0 1
40 1 1
40 2 1
40 3 1
40 4 1
40 5 1
40 6 1
40 7 1
41 0 1
41 1 1
41 2 1
41 3 1
41 4 1
41 5 1
41 6 1
41 7 1
42 0 1
42 1 1
42 2 1
42 3 1
42 4 1
42 5 1
42 6 1
42 7 1
43 0 1
43 1 1
43 2 1
43 3 1
43 4 1
43 5 1
43 6 1
43 7 1
44 0 1
44 1 1
44 2 1
44 3 1
44 4 1
44 5 1
44 6 1
44 7 1
45 0 1
45 1 1
45 2 1
45 3 1
45 4 1
45 5 1
45 6 1
45 7 1
46 0 1
46 1 1
46 2 1
46 3 1
46 4 1
46 5 1
46 6 1
46 7 1
47 0 1
47 1 1
47 2 1
47 3 1
47 4 1
47 5 1
47 6 1
47 7 1
48 0 1
48 1 1
48 2 1
48 3 1
48 4 1
48 5 1
48 6 1
48 7 1
49 0 1
49 1 1
49 2 1
49 3 1
49 4 1
49 5 1
49 6 1
49 7 1
50 0 1
50 1 1
50 2 1
50 3 1
50 4 1
50 5 1
50 6 1
50 7 1
51 0 1
51 1 1
51 2 1
51 3 1
51 4 1
51 5 1
51 6 1
51 7 1
52 0 1
52 1 1
52 2 1
52 3 1
52 4 1
52 5 1
52 6 1
52 7 1
53 0 1
53 1 1
53 2 1
53 3 1
53 4 1
53 5 1
53 6 1
53 7 1
54 0 1
54 1 1
54 2 1
54 3 1
54 4 1
54 5 1
54 6 1
54 7 1
55 0 1
55 1 1
55 2 1
55 3 1
55 4 1
55 5 1
55 6 1
55 7 1
56 0 1
56 1 1
56 2 1
56 3 1
56 4 1
56 5 1
56 6 1
56 7 1
57 0 1
57 1 1
57 2 1
57 3 1
57 4 1
57 5 1
57 6 1
57 7 1
58 0 1
58 1 1
58 2 1
58 3 1
58 4 1
58 5 1
58 6 1
58 7 1
59 0 1
59 1 1
59 2 1
59 3 1
59 4 1
59 5 1
59 6 1
59 7 1
60 0 1
60 1 1
60 2 1
60 3 1
60 4 1
60 5 1
60 6 1
60 7 1
61 0 1
61 1 1
61 2 1
61 3 1
61 4 1
61 5 1
61 6 1
61 7 1
62 0 1
62 1 1
62 2 1
62 3 1
62 4 1
62 5 1
62 6 1
62 7 1
63 0 1
63 1 1
63 2 1
63 3 1
63 4 1
63 5 1
63 6 1
63 7 1
64 0 1
64 1 1
64 2 1
64 3 1
64 4 1
64 5 1
64 6 1
64 7 1
65 0 1
65 1 1
65 2 1
65 3 1
65 4 1
65 5 1
65 6 1
65 7 1
66 0 1
66 1 1
66 2 1
66 3 1
66 4 1
66 5 1
66 6 1
66 7 1
67 0 1
67 1 1
67 2 1
67 3 1
67 4 1
67 5 1
67 6 1
67 7 1
68 0 1
68 1 1
68 2 1
68 3 1
68 4 1
68 5 1
68 6 1
68 7 1
69 0 1
69 1 1
69 2 1
69 3 1
69 4 1
69 5 1
69 6 1
69 7 1
70 0 1
70 1 1
70 2 1
70 3 1
70 4 1
70 5 1
70 6 1
70 7 1
71 0 1
71 1 1
71 2 1
71 3 1
71 4 1
71 5 1
71 6 1
71 7 1
72 0 1
72 1 1
72 2 1
72 3 1
72 4 1
72 5 1
72 6 1
72 7 1
73 0 1
73 1 1
73 2 1
73 3 1
73 4 1
73 5 1
73 6 1
73 7 1
74 0 1
74 1 1
74 2 1
74 3 1
74 4 1
74 5 1
74 6 1
74 7 1
75 0 1
75 1 1
75 2 1
75 3 1
75 4 1
75 5 1
75 6 1
75 7 1
76 0 1
76 1 1
76 2 1
76 3 1
76 4 1
76 5 1
76 6 1
76 7 1
77 0 1
77 1 1
77 2 1
77 3 1
77 4 1
77 5 1
77 6 1
77 7 1
78 0 1
78 1 1
78 2 1
78 3 1
78 4 1
78 5 1
78 6 1
78 7 1
79 0 1
79 1 1
79 2 1
79 3 1
79 4 1
79 5 1
79 6 1
79 7 1
80 0 1
80 1 1
80 2 1
80 3 1
80 4 1
80 5 1
80 6 1
80 7 1
81 0 1
81 1 1
81 2 1
81 3 1
81 4 1
81 5 1
81 6 1
81 7 1
82 0 1
82 1 1
82 2 1
82 3 1
82 4 1
82 5 1
82 6 1
82 7 1
83 0 1
83 1 1
83 2 1
83 3 1
83 4 1
83 5 1
83 6 1
83 7 1
84 0 1
84 1 1
84 2 1
84 3 1
84 4 1
84 5 1
84 6 1
84 7 1
85 0 1
85 1 1
85 2 1
85 3 1
85 4 1
85 5 1
85 6 1
85 7 1
86 0 1
86 1 1
86 2 1
86 3 1
86 4 1
86 5 1
86 6 1
86 7 1
87 0 1
87 1 1
87 2 1
87 3 1
87 4 1
87 5 1
87 6 1
87 7 1
88 0 1
88 1 1
88 2 1
88 3 1
88 4 1
88 5 1
88 6 1
88 7 1
89 0 1
89 1 1
89 2 1
89 3 1
89 4 1
89 5 1
89 6 1
89 7 1
90 0 1
90 1 1
90 2 1
90 3 1
90 4 1
90 5 1
90 6 1
90 7 1
91 0 1
91 1 1
91 2 1
91 3 1
91 4 1
91 5 1
91 6 1
91 7 1
92 0 1
92 1 1
92 2 1
92 3 1
92 4 1
92 5 1
92 6 1
92 7 1
93 0 1
93 1 1
93 2 1
93 3 1
93 4 1
93 5 1
93 6 1
93 7 1
94 0 1
94 1 1
94 2 1
94 3 1
94 4 1
94 5 1
94 6 1
94 7 1
95 0 1
95 1 1
95 2 1
95 3 1
95 4 1
95 5 1
95 6 1
95 7 1
96 0 1
96 1 1
96 2 1
96 3 1
96 4 1
96 5 1
96 6 1
96 7 1
97 0 1
97 1 1
97 2 1
97 3 1
97 4 1
97 5 1
97 6 1
97 7 1
98 0 1
98 1 1
98 2 1
98 3 1
98 4 1
98 5 1
98 6 1
98 7 1
99 0 1
99 1 1
99 2 1
99 3 1
99 4 1
99 5 1
99 6 1
99 7 1
100 0 1
100 1 1
100 2 1
100 3 1
100 4 1
100 5 1
100 6 1
100 7 1
101 0 1
101 1 1
101 2 1
101 3 1
101 4 1
101 5 1
101 6 1
101 7 1
102 0 1
102 1 1
102 2 1
102 3 1
102 4 1
102 5 1
102 6 1
102 7 1
103 0 1
103 1 1
103 2 1
103 3 1
103 4 1
103 5 1
103 6 1
103 7 1
104 0 1
104 1 1
104 2 1
104 3 1
104 4 1
104 5 1
104 6 1
104 7 1
105 0 1
105 1 1
105 2 1
105 3 1
105 4 1
105 5 1
105 6 1
105 7 1
106 0 1
106 1 1
106 2 1
106 3 1
106 4 1
106 5 1
106 6 1
106 7 1
107 0 1
107 1 1
107 2 1
107 3 1
107 4 1
107 5 1
107 6 1
107 7 1
108 0 1
108 1 1
108 2 1
108 3 1
108 4 1
108 5 1
108 6 1
108 7 1
109 0 1
109 1 1
109 2 1
109 3 1
109 4 1
109 5 1
109 6 1
109 7 1
110 0 1
110 1 1
110 2 1
110 3 1
110 4 1
110 5 1
110 6 1
110 7 1
111 0 1
111 1 1
111 2 1
111 3 1
111 4 1
111 5 1
111 6 1
111 7 1
112 0 1
112 1 1
112 2 1
112 3 1
112 4 1
112 5 1
112 6 1
112 7 1
113 0 1
113 1 1
113 2 1
113 3 1
113 4 1
113 5 1
113 6 1
113 7 1
114 0 1
114 1 1
114 2 1
114 3 1
114 4 1
114 5 1
114 6 1
114 7 1
115 0 1
115 1 1
115 2 1
115 3 1
115 4 1
115 5 1
115 6 1
115 7 1
116 0 1
116 1 1
116 2 1
116 3 1
116 4 1
116 5 1
116 6 1
116 7 1
117 0 1
117 1 1
117 2 1
117 3 1
117 4 1
117 5 1
117 6 1
117 7 1
118 0 1
118 1 1
118 2 1
118 3 1
118 4 1
118 5 1
118 6 1
118 7 1
119 0 1
119 1 1
119 2 1
119 3 1
119 4 1
119 5 1
119 6 1
119 7 1
120 0 1
120 1 1
120 2 1
120 3 1
120 4 1
120 5 1
120 6 1
120 7 1
121 0 1
121 1 1
121 2 1
121 3 1
121 4 1
121 5 1
121 6 1
121 7 1
122 0 1
122 1 1
122 2 1
122 3 1
122 4 1
122 5 1
122 6 1
122 7 1
123 0 1
123 1 1
123 2 1
123 3 1
123 4 1
123 5 1
123 6 1
123 7 1
124 0 1
124 1 1
124 2 1
124 3 1
124 4 1
124 5 1
124 6 1
124 7 1
125 0 1
125 1 1
125 2 1
125 3 1
125 4 1
125 5 1
125 6 1
125 7 1
126 0 1
126 1 1
126 2 1
126 3 1
126 4 1
126 5 1
126 6 1
126 7 1
127 0 1
127 1 1
127 2 1
127 3 1
127 4 1
127 5 1
127 6 1
127 7 1
128 0 1
128 1 1
128 2 1
128 3 1
128 4 1
128 5 1
128 6 1
128 7 1
129 0 1
129 1 1
129 2 1
129 3 1
129 4 1
129 5 1
129 6 1
129 7 1
130 0 1
130 1 1
130 2 1
130 3 1
130 4 1
130 5 1
130 6 1
130 7 1
131 0 1
131 1 1
131 2 1
131 3 1
131 4 1
131 5 1
131 6 1
131 7 1
132 0 1
132 1 1
132 2 1
132 3 1
132 4 1
132 5 1
132 6 1
132 7 1
133 0 1
133 1 1
133 2 1
133 3 1
133 4 1
133 5 1
133 6 1
133 7 1
134 0 1
134 1 1
134 2 1
134 3 1
134 4 1
134 5 1
134 6 1
134 7 1
135 0 1
135 1 1
135 2 1
135 3 1
135 4 1
135 5 1
135 6 1
135 7 1
136 0 1
136 1 1
136 2 1
136 3 1
136 4 1
136 5 1
136 6 1
136 7 10 0 3
0 1 2
0 2 2
0 3 2
0 4 2
0 5 2
0 6 1
0 7 1
1 0 1
1 1 1
1 2 3
1 3 3
1 4 2
1 5 2
1 6 2
1 7 2
2 0 2
2 1 2
2 2 2
2 3 2
2 4 3
2 5 3
2 6 2
2 7 2
3 0 2
3 1 2
3 2 2
3 3 2
3 4 2
3 5 2
3 6 3
3 7 3
4 0 3
4 1 2
4 2 2
4 3 2
4 4 2
4 5 2
4 6 2
4 7 2
5 0 3
5 1 3
5 2 3
5 3 2
5 4 2
5 5 2
5 6 2
5 7 2
6 0 2
6 1 2
6 2 3
6 3 3
6 4 3
6 5 3
6 6 2
6 7 2
7 0 2
7 1 2
7 2 2
7 3 2
7 4 3
7 5 3
7 6 3
7 7 3
8 0 2
8 1 2
8 2 2
8 3 2
8 4 2
8 5 2
8 6 3
8 7 3
9 0 3
9 1 3
9 2 3
9 3 2
9 4 2
9 5 2
9 6 2
9 7 2
10 0 3
10 1 3
10 2 3
10 3 3
10 4 3
10 5 2
10 6 2
10 7 2
11 0 2
11 1 2
11 2 3
11 3 3
11 4 3
11 5 3
11 6 3
11 7 3
12 0 2
12 1 2
12 2 2
12 3 2
12 4 3
12 5 2
12 6 1
12 7 1
13 0 1
13 1 1
13 2 1
13 3 1
13 4 1
13 5 1
13 6 3
13 7 2
14 0 2
14 1 2
14 2 1
14 3 1
14 4 1
14 5 1
14 6 1
14 7 1
15 0 3
15 1 2
15 2 2
15 3 2
15 4 2
15 5 1
15 6 1
15 7 1
16 0 1
16 1 1
16 2 3
16 3 2
16 4 2
16 5 2
16 6 2
16 7 2
17 0 2
17 1 1
17 2 1
17 3 1
17 4 3
17 5 2
17 6 2
17 7 2
18 0 2
18 1 2
18 2 2
18 3 2
18 4 1
18 5 1
18 6 3
18 7 2
19 0 2
19 1 2
19 2 2
19 3 2
19 4 2
19 5 2
19 6 2
19 7 1
20 0 3
20 1 2
20 2 2
20 3 2
20 4 2
20 5 2
20 6 2
20 7 2
21 0 2
21 1 2
21 2 3
21 3 3
21 4 2
21 5 2
21 6 2
21 7 2
22 0 2
22 1 2
22 2 2
22 3 2
22 4 3
22 5 3
22 6 2
22 7 2
23 0 2
23 1 2
23 2 2
23 3 2
23 4 2
23 5 2
23 6 3
23 7 3
24 0 2
24 1 2
24 2 2
24 3 2
24 4 2
24 5 2
24 6 2
24 7 2
25 0 2
25 1 2
25 2 1
25 3 1
25 4 1
25 5 1
25 6 1
25 7 1
26 0 1
26 1 1
26 2 3
26 3 2
26 4 1
26 5 1
26 6 1
26 7 1
27 0 1
27 1 1
27 2 1
27 3 1
27 4 3
27 5 2
27 6 2
27 7 2
28 0 1
28 1 1
28 2 1
28 3 1
28 4 1
28 5 1
28 6 3
28 7 2
29 0 2
29 1 2
29 2 2
29 3 1
29 4 1
29 5 1
29 6 1
29 7 1
30 0 3
30 1 2
30 2 2
30 3 2
30 4 2
30 5 2
30 6 1
30 7 1
31 0 1
31 1 1
31 2 3
31 3 2
31 4 2
31 5 2
31 6 2
31 7 2
32 0 1
32 1 1
32 2 1
32 3 1
32 4 3
32 5 2
32 6 2
32 7 2
33 0 2
33 1 2
33 2 2
33 3 1
33 4 1
33 5 1
33 6 3
33 7 2
34 0 2
34 1 2
34 2 2
34 3 2
34 4 2
34 5 1
34 6 1
34 7 1
35 0 3
35 1 2
35 2 2
35 3 2
35 4 2
35 5 2
35 6 2
35 7 2
36 0 1
36 1 1
36 2 3
36 3 2
36 4 2
36 5 2
36 6 2
36 7 2
37 0 2
37 1 2
37 2 2
37 3 1
37 4 2
37 5 1
37 6 1
37 7 1
38 0 1
38 1 1
38 2 1
38 3 1
38 4 1
38 5 1
38 6 3
38 7 2
39 0 1
39 1 1
39 2 1
39 3 1
39 4 1
39 5 1
39 6 1
39 7 1
40 0 1
40 1 2
40 2 2
40 3 1
40 4 1
40 5 1
40 6 1
40 7 1
41 0 1
41 1 1
41 2 3
41 3 2
41 4 2
41 5 1
41 6 1
41 7 1
42 0 1
42 1 1
42 2 1
42 3 1
42 4 1
42 5 2
42 6 2
42 7 2
43 0 1
43 1 1
43 2 1
43 3 1
43 4 1
43 5 1
43 6 3
43 7 2
44 0 2
44 1 2
44 2 1
44 3 1
44 4 1
44 5 1
44 6 1
44 7 1
45 0 3
45 1 2
45 2 2
45 3 2
45 4 2
45 5 1
45 6 1
45 7 1
46 0 1
46 1 1
46 2 3
46 3 2
46 4 2
46 5 2
46 6 2
46 7 1
47 0 1
47 1 1
47 2 1
47 3 1
47 4 3
47 5 2
47 6 2
47 7 2
48 0 2
48 1 1
48 2 1
48 3 1
48 4 1
48 5 1
48 6 3
48 7 2
49 0 2
49 1 2
49 2 2
49 3 1
49 4 1
49 5 1
49 6 1
49 7 1
50 0 2
50 1 1
50 2 1
50 3 1
50 4 1
50 5 1
50 6 1
50 7 1
51 0 1
51 1 1
51 2 1
51 3 2
51 4 1
51 5 1
51 6 1
51 7 1
52 0 1
52 1 1
52 2 1
52 3 1
52 4 3
52 5 2
52 6 1
52 7 1
53 0 1
53 1 1
53 2 1
53 3 1
53 4 1
53 5 1
53 6 3
53 7 1
54 0 1
54 1 1
54 2 1
54 3 1
54 4 1
54 5 1
54 6 1
54 7 1
55 0 1
55 1 2
55 2 2
55 3 1
55 4 1
55 5 1
55 6 1
55 7 1
56 0 1
56 1 1
56 2 1
56 3 2
56 4 2
56 5 1
56 6 1
56 7 1
57 0 1
57 1 1
57 2 1
57 3 1
57 4 1
57 5 1
57 6 2
57 7 1
58 0 1
58 1 1
58 2 1
58 3 1
58 4 1
58 5 1
58 6 3
58 7 2
59 0 2
59 1 1
59 2 1
59 3 1
59 4 1
59 5 1
59 6 1
59 7 1
60 0 1
60 1 2
60 2 2
60 3 2
60 4 1
60 5 1
60 6 1
60 7 1
61 0 1
61 1 1
61 2 3
61 3 2
61 4 2
61 5 2
61 6 1
61 7 1
62 0 1
62 1 1
62 2 1
62 3 1
62 4 2
62 5 1
62 6 1
62 7 1
63 0 1
63 1 1
63 2 1
63 3 1
63 4 1
63 5 1
63 6 3
63 7 2
64 0 1
64 1 1
64 2 1
64 3 1
64 4 1
64 5 1
64 6 1
64 7 1
65 0 3
65 1 2
65 2 1
65 3 1
65 4 1
65 5 1
65 6 1
65 7 1
66 0 1
66 1 1
66 2 1
66 3 1
66 4 1
66 5 1
66 6 1
66 7 1
67 0 1
67 1 1
67 2 1
67 3 1
67 4 1
67 5 2
67 6 2
67 7 1
68 0 1
68 1 1
68 2 1
68 3 1
68 4 1
68 5 1
68 6 1
68 7 2
69 0 2
69 1 1
69 2 1
69 3 1
69 4 1
69 5 1
69 6 1
69 7 1
70 0 3
70 1 2
70 2 1
70 3 1
70 4 1
70 5 1
70 6 1
70 7 1
71 0 1
71 1 1
71 2 3
71 3 1
71 4 2
71 5 1
71 6 1
71 7 1
72 0 1
72 1 1
72 2 1
72 3 1
72 4 1
72 5 2
72 6 1
72 7 1
73 0 1
73 1 1
73 2 1
73 3 1
73 4 1
73 5 1
73 6 1
73 7 1
74 0 2
74 1 1
74 2 1
74 3 1
74 4 1
74 5 1
74 6 1
74 7 1
75 0 2
75 1 1
75 2 1
75 3 1
75 4 1
75 5 1
75 6 1
75 7 1
76 0 1
76 1 1
76 2 1
76 3 1
76 4 1
76 5 1
76 6 1
76 7 1
77 0 1
77 1 1
77 2 1
77 3 1
77 4 1
77 5 1
77 6 1
77 7 1
78 0 1
78 1 1
78 2 1
78 3 1
78 4 1
78 5 1
78 6 1
78 7 2
79 0 1
79 1 1
79 2 1
79 3 1
79 4 1
79 5 1
79 6 1
79 7 1
80 0 1
80 1 1
80 2 1
80 3 1
80 4 1
80 5 1
80 6 1
80 7 1
81 0 1
81 1 1
81 2 1
81 3 1
81 4 1
81 5 1
81 6 1
81 7 1
82 0 1
82 1 1
82 2 1
82 3 1
82 4 1
82 5 1
82 6 1
82 7 1
83 0 1
83 1 1
83 2 1
83 3 1
83 4 1
83 5 1
83 6 3
83 7 1
84 0 1
84 1 1
84 2 1
84 3 1
84 4 1
84 5 1
84 6 1
84 7 1
85 0 3
85 1 1
85 2 1
85 3 1
85 4 1
85 5 1
85 6 1
85 7 1
86 0 1
86 1 1
86 2 1
86 3 1
86 4 1
86 5 1
86 6 1
86 7 1
87 0 1
87 1 1
87 2 1
87 3 1
87 4 2
87 5 1
87 6 1
87 7 1
88 0 1
88 1 1
88 2 1
88 3 1
88 4 1
88 5 1
88 6 1
88 7 1
89 0 1
89 1 1
89 2 1
89 3 1
89 4 1
89 5 1
89 6 1
89 7 1
90 0 1
90 1 1
90 2 1
90 3 1
90 4 1
90 5 1
90 6 1
90 7 1
91 0 1
91 1 1
91 2 1
91 3 2
91 4 1
91 5 1
91 6 1
91 7 1
92 0 1
92 1 1
92 2 1
92 3 1
92 4 1
92 5 1
92 6 1
92 7 1
93 0 1
93 1 1
93 2 1
93 3 1
93 4 1
93 5 1
93 6 1
93 7 1
94 0 1
94 1 1
94 2 1
94 3 1
94 4 1
94 5 1
94 6 1
94 7 1
95 0 1
95 1 1
95 2 1
95 3 1
95 4 1
95 5 1
95 6 1
95 7 1
96 0 1
96 1 1
96 2 1
96 3 1
96 4 1
96 5 1
96 6 1
96 7 1
97 0 1
97 1 1
97 2 1
97 3 1
97 4 1
97 5 1
97 6 1
97 7 1
98 0 1
98 1 1
98 2 1
98 3 1
98 4 1
98 5 1
98 6 3
98 7 1
99 0 1
99 1 1
99 2 1
99 3 1
99 4 1
99 5 1
99 6 1
99 7 1
100 0 2
100 1 1
100 2 1
100 3 1
100 4 1
100 5 1
100 6 1
100 7 1
101 0 1
101 1 1
101 2 1
101 3 1
101 4 1
101 5 1
101 6 1
101 7 1
102 0 1
102 1 1
102 2 1
102 3 1
102 4 1
102 5 1
102 6 1
102 7 1
103 0 1
103 1 1
103 2 1
103 3 1
103 4 1
103 5 1
103 6 1
103 7 1
104 0 1
104 1 1
104 2 1
104 3 1
104 4 1
104 5 1
104 6 1
104 7 1
105 0 1
105 1 1
105 2 1
105 3 1
105 4 1
105 5 1
105 6 1
105 7 1
106 0 1
106 1 1
106 2 1
106 3 1
106 4 1
106 5 1
106 6 1
106 7 1
107 0 1
107 1 1
107 2 1
107 3 1
107 4 1
107 5 1
107 6 1
107 7 1
108 0 1
108 1 1
108 2 1
108 3 1
108 4 1
108 5 1
108 6 1
108 7 1
109 0 1
109 1 1
109 2 1
109 3 1
109 4 1
109 5 1
109 6 1
109 7 1
110 0 1
110 1 1
110 2 1
110 3 1
110 4 1
110 5 1
110 6 1
110 7 1
111 0 1
111 1 1
111 2 1
111 3 1
111 4 1
111 5 1
111 6 1
111 7 1
112 0 1
112 1 1
112 2 1
112 3 1
112 4 2
112 5 1
112 6 1
112 7 1
113 0 1
113 1 1
113 2 1
113 3 1
113 4 1
113 5 1
113 6 1
113 7 1
114 0 1
114 1 1
114 2 1
114 3 1
114 4 1
114 5 1
114 6 1
114 7 1
115 0 1
115 1 1
115 2 1
115 3 1
115 4 1
115 5 1
115 6 1
115 7 1
116 0 1
116 1 1
116 2 1
116 3 1
116 4 1
116 5 1
116 6 1
116 7 1
117 0 1
117 1 1
117 2 1
117 3 1
117 4 3
117 5 1
117 6 1
117 7 1
118 0 1
118 1 1
118 2 1
118 3 1
118 4 1
118 5 1
118 6 1
118 7 1
119 0 1
119 1 1
119 2 1
119 3 1
119 4 1
119 5 1
119 6 1
119 7 1
120 0 1
120 1 1
120 2 1
120 3 1
120 4 1
120 5 1
120 6 1
120 7 1
121 0 1
121 1 1
121 2 1
121 3 1
121 4 1
121 5 1
121 6 1
121 7 1
122 0 1
122 1 1
122 2 1
122 3 1
122 4 1
122 5 1
122 6 1
122 7 1
123 0 1
123 1 1
123 2 1
123 3 1
123 4 1
123 5 1
123 6 1
123 7 1
124 0 1
124 1 1
124 2 1
124 3 1
124 4 1
124 5 1
124 6 1
124 7 1
125 0 2
125 1 1
125 2 1
125 3 1
125 4 1
125 5 1
125 6 1
125 7 1
126 0 1
126 1 1
126 2 1
126 3 1
126 4 1
126 5 1
126 6 1
126 7 1
127 0 1
127 1 1
127 2 1
127 3 1
127 4 1
127 5 1
127 6 1
127 7 1
128 0 1
128 1 1
128 2 1
128 3 1
128 4 1
128 5 1
128 6 1
128 7 1
129 0 1
129 1 1
129 2 1
129 3 1
129 4 1
129 5 1
129 6 1
129 7 1
130 0 3
130 1 1
130 2 1
130 3 1
130 4 1
130 5 1
130 6 1
130 7 1
131 0 1
131 1 1
131 2 1
131 3 1
131 4 1
131 5 1
131 6 1
131 7 1
132 0 1
132 1 1
132 2 1
132 3 1
132 4 1
132 5 1
132 6 1
132 7 1
133 0 1
133 1 1
133 2 1
133 3 1
133 4 1
133 5 1
133 6 1
133 7 1
134 0 1
134 1 1
134 2 1
134 3 1
134 4 1
134 5 1
134 6 1
134 7 1
135 0 1
135 1 1
135 2 1
135 3 1
135 4 1
135 5 1
135 6 1
135 7 1
136 0 1
136 1 1
136 2 1
136 3 1
136 4 1
136 5 1
136 6 1
136 7 1
137 0 1
137 1 1
137 2 1
137 3 1
137 4 2
137 5 1
137 6 1
137 7 1
138 0 1
138 1 1
138 2 1
138 3 1
138 4 1
138 5 1
138 6 1
138 7 1
139 0 1
139 1 1
139 2 1
139 3 1
139 4 1
139 5 1
139 6 1
139 7 1
140 0 1
140 1 1
140 2 1
140 3 1
140 4 1
140 5 1
140 6 1
140 7 1
141 0 1
141 1 1
141 2 1
141 3 1
141 4 1
141 5 1
141 6 1
141 7 1
142 0 1
142 1 1
142 2 1
142 3 1
142 4 1
142 5 1
142 6 1
142 7 1
143 0 1
143 1 1
143 2 1
143 3 1
143 4 1
143 5 1
143 6 1
143 7 1
144 0 1
144 1 1
144 2 1
144 3 1
144 4 1
144 5 1
144 6 1
144 7 1
145 0 1
145 1 1
145 2 1
145 3 1
145 4 1
145 5 1
145 6 1
145 7 1
146 0 1
146 1 1
146 2 1
146 3 1
146 4 1
146 5 1
146 6 1
146 7 1
147 0 1
147 1 1
147 2 1
147 3 1
147 4 1
147 5 1
147 6 1
147 7 1
148 0 1
148 1 1
148 2 1
148 3 1
148 4 1
148 5 1
148 6 1
148 7 1
149 0 1
149 1 1
149 2 1
149 3 1
149 4 1
149 5 1
149 6 1
149 7 1
150 0 2
150 1 1
150 2 1
150 3 1
150 4 1
150 5 1
150 6 1
150 7 1
151 0 1
151 1 1
151 2 1
151 3 1
151 4 1
151 5 1
151 6 1
151 7 1
152 0 1
152 1 1
152 2 1
152 3 1
152 4 1
152 5 1
152 6 1
152 7 1
153 0 1
153 1 1
153 2 1
153 3 1
153 4 1
153 5 1
153 6 1
153 7 1
154 0 1
154 1 1
154 2 1
154 3 1
154 4 1
154 5 1
154 6 1
154 7 1
155 0 1
155 1 1
155 2 1
155 3 1
155 4 1
155 5 1
155 6 1
155 7 1
156 0 1
156 1 1
156 2 1
156 3 1
156 4 1
156 5 1
156 6 1
156 7 1
157 0 1
157 1 1
157 2 1
157 3 1
157 4 1
157 5 1
157 6 1
157 7 1
158 0 1
158 1 1
158 2 1
158 3 1
158 4 1
158 5 1
158 6 1
158 7 1
159 0 1
159 1 1
159 2 1
159 3 1
159 4 1
159 5 1
159 6 1
159 7 1
160 0 1
160 1 1
160 2 1
160 3 1
160 4 1
160 5 1
160 6 1
160 7 1
161 0 1
161 1 1
161 2 1
161 3 1
161 4 1
161 5 1
161 6 1
161 7 1
162 0 1
162 1 1
162 2 1
162 3 1
162 4 2
162 5 1
162 6 1
162 7 1
163 0 1
163 1 1
163 2 1
163 3 1
163 4 1
163 5 1
163 6 1
163 7 1
164 0 1
164 1 1
164 2 1
164 3 1
164 4 1
164 5 1
164 6 1
164 7 1
165 0 1
165 1 1
165 2 1
165 3 1
165 4 1
165 5 1
165 6 1
165 7 1
166 0 1
166 1 1
166 2 1
166 3 1
166 4 1
166 5 1
166 6 1
166 7 1
167 0 1
167 1 1
167 2 1
167 3 1
167 4 1
167 5 1
167 6 1
167 7 1
168 0 1
168 1 1
168 2 1
168 3 1
168 4 1
168 5 1
168 6 1
168 7 1
169 0 1
169 1 1
169 2 1
169 3 1
169 4 1
169 5 1
169 6 1
169 7 1
170 0 1
170 1 1
170 2 1
170 3 1
170 4 1
170 5 1
170 6 1
170 7 1
171 0 1
171 1 1
171 2 1
171 3 1
171 4 1
171 5 1
171 6 1
171 7 1
172 0 1
172 1 1
172 2 1
172 3 1
172 4 1
172 5 1
172 6 1
172 7 1
173 0 1
173 1 1
173 2 1
173 3 1
173 4 1
173 5 1
173 6 1
173 7 1
174 0 1
174 1 1
174 2 1
174 3 1
174 4 1
174 5 1
174 6 1
174 7 1
175 0 2
175 1 1
175 2 1
175 3 1
175 4 1
175 5 1
175 6 1
175 7 1
176 0 1
176 1 1
176 2 1
176 3 1
176 4 1
176 5 1
176 6 1
176 7 1
177 0 1
177 1 1
177 2 1
177 3 1
177 4 1
177 5 1
177 6 1
177 7 1
178 0 1
178 1 1
178 2 1
178 3 1
178 4 1
178 5 1
178 6 1
178 7 1
179 0 1
179 1 1
179 2 1
179 3 1
179 4 1
179 5 1
179 6 1
179 7 1
180 0 1
180 1 1
180 2 1
180 3 1
180 4 1
180 5 1
180 6 1
180 7 1
181 0 1
181 1 1
181 2 1
181 3 1
181 4 1
181 5 1
181 6 1
181 7 1
182 0 1
182 1 1
182 2 1
182 3 1
182 4 1
182 5 1
182 6 1
182 7 1
183 0 1
183 1 1
183 2 1
183 3 1
183 4 1
183 5 1
183 6 1
183 7 1
184 0 1
184 1 1
184 2 1
184 3 1
184 4 1
184 5 1
184 6 1
184 7 1
185 0 1
185 1 1
185 2 1
185 3 1
185 4 1
185 5 1
185 6 1
185 7 1
186 0 1
186 1 1
186 2 1
186 3 1
186 4 1
186 5 1
186 6 1
186 7 1
187 0 1
187 1 1
187 2 1
187 3 1
187 4 2
187 5 1
187 6 1
187 7 1
188 0 1
188 1 1
188 2 1
188 3 1
188 4 1
188 5 1
188 6 1
188 7 1
189 0 1
189 1 1
189 2 1
189 3 1
189 4 1
189 5 1
189 6 1
189 7 1
190 0 1
190 1 1
190 2 1
190 3 1
190 4 1
190 5 1
190 6 1
190 7 1
191 0 1
191 1 1
191 2 1
191 3 1
191 4 1
191 5 1
191 6 1
191 7 1
192 0 1
192 1 1
192 2 1
192 3 1
192 4 1
192 5 1
192 6 1
192 7 1
193 0 1
193 1 1
193 2 1
193 3 1
193 4 1
193 5 1
193 6 1
193 7 1
194 0 1
194 1 1
194 2 1
194 3 1
194 4 1
194 5 1
194 6 1
194 7 1
195 0 1
195 1 1
195 2 1
195 3 1
195 4 1
195 5 1
195 6 1
195 7 1
196 0 1
196 1 1
196 2 1
196 3 1
196 4 1
196 5 1
196 6 1
196 7 1
197 0 1
197 1 1
197 2 1
197 3 1
197 4 1
197 5 1
197 6 1
197 7 1
198 0 1
198 1 1
198 2 1
198 3 1
198 4 1
198 5 1
198 6 1
198 7 1
199 0 1
199 1 1
199 2 1
199 3 1
199 4 1
199 5 1
199 6 1
199 7 1
200 0 2
200 1 1
200 2 1
200 3 1
200 4 1
200 5 1
200 6 1
200 7 1
201 0 1
201 1 1
201 2 1
201 3 1
201 4 1
201 5 1
201 6 1
201 7 1
202 0 1
202 1 1
202 2 1
202 3 1
202 4 1
202 5 1
202 6 1
202 7 1
203 0 1
203 1 1
203 2 1
203 3 1
203 4 1
203 5 1
203 6 1
203 7 1
204 0 1
204 1 1
204 2 1
204 3 1
204 4 1
204 5 1
204 6 1
204 7 1
205 0 1
205 1 1
205 2 1
205 3 1
205 4 1
205 5 1
205 6 1
205 7 1
206 0 1
206 1 1
206 2 1
206 3 1
206 4 1
206 5 1
206 6 1
206 7 1
207 0 1
207 1 1
207 2 1
207 3 1
207 4 1
207 5 1
207 6 1
207 7 1
208 0 1
208 1 1
208 2 1
208 3 1
208 4 1
208 5 1
208 6 1
208 7 1
209 0 1
209 1 1
209 2 1
209 3 1
209 4 1
209 5 1
209 6 1
209 7 1
210 0 1
210 1 1
210 2 1
210 3 1
210 4 1
210 5 1
210 6 1
210 7 1
211 0 1
211 1 1
211 2 1
211 3 1
211 4 1
211 5 1
211 6 1
211 7 1
212 0 1
212 1 1
212 2 1
212 3 1
212 4 2
212 5 1
212 6 1
212 7 1
213 0 1
213 1 1
213 2 1
213 3 1
213 4 1
213 5 1
213 6 1
213 7 1
214 0 1
214 1 1
214 2 1
214 3 1
214 4 1
214 5 1
214 6 1
214 7 1
215 0 1
215 1 1
215 2 1
215 3 1
215 4 1
215 5 1
215 6 1
215 7 1
216 0 1
216 1 1
216 2 1
216 3 1
216 4 1
216 5 1
216 6 1
216 7 1
217 0 1
217 1 1
217 2 1
217 3 1
217 4 1
217 5 1
217 6 1
217 7 1
218 0 1
218 1 1
218 2 1
218 3 1
218 4 1
218 5 1
218 6 1
218 7 1
219 0 1
219 1 1
219 2 1
219 3 1
219 4 1
219 5 1
219 6 1
219 7 1
220 0 1
220 1 1
220 2 1
220 3 1
220 4 1
220 5 1
220 6 1
220 7 1
221 0 1
221 1 1
221 2 1
221 3 1
221 4 1
221 5 1
221 6 1
221 7 1
222 0 1
222 1 1
222 2 1
222 3 1
222 4 1
222 5 1
222 6 1
222 7 1
223 0 1
223 1 1
223 2 1
223 3 1
223 4 1
223 5 1
223 6 1
223 7 1
224 0 1
224 1 1
224 2 1
224 3 1
224 4 1
224 5 1
224 6 1
224 7 1
225 0 2
225 1 1
225 2 1
225 3 1
225 4 1
225 5 1
225 6 1
225 7 1
226 0 1
226 1 1
226 2 1
226 3 1
226 4 1
226 5 1
226 6 1
226 7 1
227 0 1
227 1 1
227 2 1
227 3 1
227 4 1
227 5 1
227 6 1
227 7 1
228 0 1
228 1 1
228 2 1
228 3 1
228 4 1
228 5 1
228 6 1
228 7 1
229 0 1
229 1 1
229 2 1
229 3 1
229 4 1
229 5 1
229 6 1
229 7 1
230 0 1
230 1 1
230 2 1
230 3 1
230 4 1
230 5 1
230 6 1
230 7 1
231 0 1
231 1 1
231 2 1
231 3 1
231 4 1
231 5 1
231 6 1
231 7 1
232 0 1
232 1 1
232 2 1
232 3 1
232 4 1
232 5 1
232 6 1
232 7 1
233 0 1
233 1 1
233 2 1
233 3 1
233 4 1
233 5 1
233 6 1
233 7 1
234 0 1
234 1 1
234 2 1
234 3 1
234 4 1
234 5 1
234 6 1
234 7 1
235 0 1
235 1 1
235 2 1
235 3 1
235 4 1
235 5 1
235 6 1
235 7 1
236 0 1
236 1 1
236 2 1
236 3 1
236 4 1
236 5 1
236 6 1
236 7 1
237 0 1
237 1 1
237 2 1
237 3 1
237 4 2
237 5 1
237 6 1
237 7 1
238 0 1
238 1 1
238 2 1
238 3 1
238 4 1
238 5 1
238 6 1
238 7 1
239 0 1
239 1 1
239 2 1
239 3 1
239 4 1
239 5 1
239 6 1
239 7 1
240 0 1
240 1 1
240 2 1
240 3 1
240 4 1
240 5 1
240 6 1
240 7 1
241 0 1
241 1 1
241 2 1
241 3 1
241 4 1
241 5 1
241 6 1
241 7 1
242 0 1
242 1 1
242 2 1
242 3 1
242 4 1
242 5 1
242 6 1
242 7 1
243 0 1
243 1 1
243 2 1
243 3 1
243 4 1
243 5 1
243 6 1
243 7 1
244 0 1
244 1 1
244 2 1
244 3 1
244 4 1
244 5 1
244 6 1
244 7 1
245 0 1
245 1 1
245 2 1
245 3 1
245 4 1
245 5 1
245 6 1
245 7 1
246 0 1
246 1 1
246 2 1
246 3 1
246 4 1
246 5 1
246 6 1
246 7 1
247 0 1
247 1 1
247 2 1
247 3 1
247 4 1
247 5 1
247 6 1
247 7 1
248 0 1
248 1 1
248 2 1
248 3 1
248 4 1
248 5 1
248 6 1
248 7 1
249 0 1
249 1 1
249 2 1
249 3 1
249 4 1
249 5 1
249 6 1
249 7 1
250 0 2
250 1 1
250 2 1
250 3 1
250 4 1
250 5 1
250 6 1
250 7 1
251 0 1
251 1 1
251 2 1
251 3 1
251 4 1
251 5 1
251 6 1
251 7 1
252 0 1
252 1 1
252 2 1
252 3 1
252 4 1
252 5 1
252 6 1
252 7 1
253 0 1
253 1 1
253 2 1
253 3 1
253 4 1
253 5 1
253 6 1
253 7 1
254 0 1
254 1 1
254 2 1
254 3 1
254 4 1
254 5 1
254 6 1
254 7 1
255 0 1
255 1 1
255 2 1
255 3 1
255 4 1
255 5 1
255 6 1
255 7 1
256 0 1
256 1 1
256 2 1
256 3 1
256 4 1
256 5 1
256 6 1
256 7 1
257 0 1
257 1 1
257 2 1
257 3 1
257 4 1
257 5 1
257 6 1
257 7 1
258 0 1
258 1 1
258 2 1
258 3 1
258 4 1
258 5 1
258 6 1
258 7 1
259 0 1
259 1 1
259 2 1
259 3 1
259 4 1
259 5 1
259 6 1
259 7 1
260 0 1
260 1 1
260 2 1
260 3 1
260 4 1
260 5 1
260 6 1
260 7 1
261 0 1
261 1 1
261 2 1
261 3 1
261 4 1
261 5 1
261 6 1
261 7 1
262 0 1
262 1 1
262 2 1
262 3 1
262 4 2
262 5 1
262 6 1
262 7 1
263 0 1
263 1 1
263 2 1
263 3 1
263 4 1
263 5 1
263 6 1
263 7 1
264 0 1
264 1 1
264 2 1
264 3 1
264 4 1
264 5 1
264 6 1
264 7 1
265 0 1
265 1 1
265 2 1
265 3 1
265 4 1
265 5 1
265 6 1
265 7 1
266 0 1
266 1 1
266 2 1
266 3 1
266 4 1
266 5 1
266 6 1
266 7 1
267 0 1
267 1 1
267 2 1
267 3 1
267 4 1
267 5 1
267 6 1
267 7 1
268 0 1
268 1 1
268 2 1
268 3 1
268 4 1
268 5 1
268 6 1
268 7 1
269 0 1
269 1 1
269 2 1
269 3 1
269 4 1
269 5 1
269 6 1
269 7 1
270 0 1
270 1 1
270 2 1
270 3 1
270 4 1
270 5 1
270 6 1
270 7 1
271 0 1
271 1 1
271 2 1
271 3 1
271 4 1
271 5 1
271 6 1
271 7 1
272 0 1
272 1 1
272 2 1
272 3 1
272 4 1
272 5 1
272 6 1
272 7 1
273 0 1
273 1 1
273 2 1
273 3 1
273 4 1
273 5 1
273 6 1
273 7 1
274 0 1
274 1 1
274 2 1
274 3 1
274 4 1
274 5 1
274 6 1
274 7 1
